Map8
1 1 1 1 1 1 1 1
1 1 0 0 0 0 # 1
1 0 0 F H # F G
1 0 1 0 0 0 0 1
1 0 0 0 0 0 0 1
1 0 0 0 0 0 0 1
1 0 0 0 0 0 0 1
1 1 1 1 1 1 S 1
P51 p64 P63 T5

Map8
1 1 1 G 1 1 1 1
S 0 0 F 0 F 0 1
1 0 0 0 0 0 0 1
1 0 0 1 0 0 0 1
1 0 H 0 0 0 0 1
1 0 0 0 0 1 0 1
1 0 0 0 # 0 # 1
1 1 1 1 1 1 1 1
P21 p11 P42 T5

Map8
1 1 1 1 1 1 1 1
1 0 0 0 0 1 # 1
1 0 0 0 0 0 # 1
1 0 1 0 F 0 0 1
1 0 0 0 0 0 0 1
1 0 0 H 0 0 0 1
1 0 F 0 0 0 0 S
1 1 G 1 1 1 1 1
P53 p34 P46 T5

Map8
1 1 S 1 1 1 1 1
1 0 0 # F # 0 1
1 0 0 0 0 0 1 1
1 1 H 0 0 0 0 1
1 0 0 0 0 0 0 1
1 0 0 0 0 0 0 1
1 F 0 0 0 0 0 1
1 G 1 1 1 1 1 1
P61 p53 P22 T6

Map8
1 1 1 1 1 G 1 1
1 0 0 0 0 0 F 1
1 0 # 0 0 0 0 1
1 0 0 0 1 H 0 1
1 0 0 F 0 0 0 1
1 # 0 0 0 0 0 1
1 0 0 1 0 0 0 1
1 1 1 1 1 S 1 1
P11 p42 P54 T6

Map8
1 1 G 1 1 1 1 1
1 F 0 0 H 0 0 1
1 # 0 0 0 0 0 1
1 0 1 0 0 0 0 1
1 F 0 0 # 0 0 1
1 0 0 0 0 1 0 1
1 0 0 0 0 0 0 1
1 S 1 1 1 1 1 1
P61 p32 P15 T6

Map8
1 1 1 1 1 G 1 1
S 0 0 0 # F # 1
1 0 0 1 1 0 0 1
1 0 0 0 0 0 0 1
1 0 0 0 0 0 0 1
1 F 0 0 0 0 0 1
1 0 0 0 H 0 0 1
1 1 1 1 1 1 1 1
P21 p43 P14 T5

Map8
1 S 1 1 1 1 1 1
1 # 0 0 0 0 F 1
1 1 0 0 0 # 0 1
1 F 0 0 0 0 0 1
1 0 0 0 0 0 0 1
1 0 0 0 0 0 0 1
1 1 0 0 0 0 H 1
1 1 1 1 1 G 1 1
P31 p21 P62 T6

Map8
1 1 1 1 1 1 1 1
1 0 1 # 0 0 0 1
1 0 0 0 0 0 0 1
1 # 0 0 0 0 F 1
1 0 0 0 0 0 0 1
1 0 0 1 0 0 0 1
S 0 0 H F 0 0 1
1 1 1 1 G 1 1 1
P11 p32 P26 T5

Map8
1 1 1 1 1 S 1 1
1 F 0 0 0 0 0 1
G 0 0 0 1 0 0 1
1 0 0 0 0 0 0 1
1 0 0 H 0 0 0 1
1 0 # 0 0 0 # 1
1 0 0 0 0 F 1 1
1 1 1 1 1 1 1 1
P21 p33 P54 T5

Map8
1 1 1 1 1 1 1 1
1 0 0 0 F 0 0 1
1 0 0 1 0 0 0 1
1 0 0 1 0 0 0 1
1 # 0 H # 0 0 1
G F 0 0 0 0 0 1
1 0 0 0 0 0 0 1
1 1 1 S 1 1 1 1
P24 p36 P35 T5

Map8
1 1 1 1 1 1 1 1
1 0 0 # 0 0 0 1
1 0 F 0 0 0 0 1
1 1 0 0 0 F 0 1
1 0 1 0 0 0 0 1
1 0 0 0 0 0 0 1
S 0 0 H # 0 0 1
1 1 1 1 1 G 1 1
P14 p45 P26 T5

Map8
1 1 1 G 1 1 1 1
1 0 0 0 H 0 0 S
1 0 1 0 F 0 F 1
1 0 0 0 0 0 0 1
1 0 0 0 0 0 0 1
1 # 0 # 0 0 0 1
1 0 0 0 0 1 0 1
1 1 1 1 1 1 1 1
P51 p43 P64 T5
