Map6
1 1 1 1 1 1
1 0 0 0 0 1
1 0 0 0 0 S
1 0 0 0 0 1
1 0 0 0 0 1
1 1 G 1 1 1
P12 T2

Map6
1 1 1 1 1 1
1 0 0 0 0 1
1 0 0 0 0 G
1 0 0 0 0 1
1 0 0 0 0 1
1 1 S 1 1 1
R12 T1

Map8
1 1 1 1 1 1 1 1
1 1 1 1 1 1 1 1
1 1 0 0 0 F 1 1
1 1 F F 0 0 1 1
1 G 0 0 1 F 1 1
1 1 F 0 0 0 1 1
1 1 1 S 1 1 1 1
1 1 1 1 1 1 1 1
PL45 PU43 L34 T4

Map8
1 1 1 1 1 1 1 1
1 1 1 G 1 1 1 1
1 1 F 0 H # 1 1
1 1 # 1 0 0 1 1
1 1 0 F F 0 1 1
1 1 0 0 # 0 S 1
1 1 1 1 1 1 1 1
1 1 1 1 1 1 1 1
PL35 PU32 l54 T8

Map6
1 1 1 1 1 1
1 0 0 0 0 1
1 H H 0 0 G
1 0 0 0 H 1
1 0 0 H 0 1
1 1 S 1 1 1
R13 PL23 PR32 T1

Map8
1 1 1 1 1 1 1 1
1 0 0 # 0 0 1 1
S 0 # 0 H 0 1 1
1 0 H 0 # # 1 1
G # H 0 1 0 1 1
1 0 H 0 # 1 1 1
1 1 1 1 1 1 1 1
1 1 1 1 1 1 1 1
L32 P15 T3

Map8
1 1 1 1 1 S 1 1
1 0 0 F 0 0 1 1
1 0 0 0 H 0 1 1
1 # F 1 1 H 1 1
1 0 0 0 0 # 1 1
1 F 0 # 0 H 1 1
1 1 G 1 1 1 1 1
1 1 1 1 1 1 1 1
PL11 PU52 T3

Map8
1 1 1 1 1 1 1 1
S 0 1 0 0 0 H 1
1 # 0 0 0 F 1 1
1 0 H 0 0 0 0 G
1 0 0 0 F 0 # 1
1 F 0 0 0 # 1 1
1 H 0 0 0 0 0 1
1 1 1 1 1 1 1 1
P42 L13 p32 T6